100
2
200 100 100
2
1000000000 1000000000 1000000000
2
1000000000 100 1
2
250000001 0 1000000000
2
10301582 2524501 4651082
2
15930989 4057033 2659862
2
4277629 1855028 608230
1
3174562 5284809
1
3008617 4378194
1
9003070 2870261
2
8435025 9435384 5309912
2
11662127 7216976 1510723
2
9737503 4391654 9791917
2
15304469 1259406 398494
2
7181418 2041867 6182847
2
9885483 1226515 684121
2
1478348 1327847 1349966
1
6019683 2563360
1
2183335 532916
1
2882718 5048930
2
11933942 5393625 1626931
1
7073786 4156851
2
10960098 6954118 9088105
2
7774207 1970924 4649626
1
4998063 8838290
1
7562410 6079387
2
4498222 6421059 1813515
2
3241164 1560760 5747136
1
6170949 9259098
1
3080535 1469854
2
11788882 4813592 7015963
2
6932911 2818795 1429435
2
4216308 4471786 2389901
2
6690486 5637224 5905315
1
7833128 9345716
1
5024395 8117417
2
5416861 7757953 2977258
1
5012736 8247072
2
4412010 1181070 7668765
2
5392027 2582077 8090097
1
7808672 6708658
1
2613513 1329568
2
3203181 732108 248939
2
3524222 1213136 7880403
1
7591693 3093590
1
3647784 6482980
2
14582462 4367816 2536062
1
5051089 1552255
2
8724680 9551586 9375891
2
1808166 1955572 2304824
2
4619316 1477598 6153239
2
9825127 5600738 6792785
2
11363687 3197405 4046602
2
10494011 2025555 389560
1
1195013 268648
2
11469840 1769234 176025
2
17674975 2841768 1017311
1
1879460 2820650
1
5534961 4316258
1
1753620 2744408
1
4892988 8596202
2
4162888 1932143 7493805
1
2813274 2476429
1
2512284 1324514
2
12430435 6280510 1560973
2
5370760 6570322 3020819
1
7863500 4837307
2
3770384 1793110 2251879
2
5252243 5753664 2401146
2
14863310 8505999 7375131
1
8752024 3328373
2
7453304 2082554 2648035
1
6497377 2828204
1
2777121 1539106
1
1040419 1837046
2
9323848 920062 4309343
1
2492523 3967863
2
18422597 2064472 556268
2
10408284 1045047 9202182
2
10304685 9203031 3533171
2
6940254 1015889 7746424
1
5796229 6963863
1
2765136 4828927
1
5980430 7735681
2
6863796 7815299 4413384
2
9209611 794221 1600099
2
10291290 9873337 2827976
2
14538145 5774977 4093057
1
5140516 6417509
2
11762822 2202287 2119543
2
14904721 2459456 2043018
1
2728871 4645916
2
9145586 831282 1680002
1
6291253 9738019
1
8868277 8243687
2
11457255 6516335 2453716
1
1730708 3077357
2
10306706 5622333 1681796
2
3895684 2101504 5908854
1
2047986 3388392
