100
3
15 20 60 75 80 100
4
9 9 12 12 12 15 16 20
4
6156 8208 8208 9504 10944 10944 12672 14592
4
2160 2880 3840 5120 15984 21312 28416 37888
4
717 956 1014 1352 2460 2976 3280 3968
4
675 789 900 978 1052 1304 1974 2632
4
195837717 227007270 261116956 302676360 431378790 575171720 741090534 988120712
4
21141 25083 28188 33444 37584 44592 50112 59456
4
1191 1545 1588 2060 2733 2976 3644 3968
4
324 432 804 1072 2103 2205 2804 2940
4
150 200 519 692 2175 2667 2900 3556
4
85961448 114615264 300104898 400139864 413516601 551355468 583996872 778662496
4
507 516 676 688 750 1000 2493 3324
4
522 666 696 888 1350 1425 1800 1900
4
136795893 182394524 227507637 303343516 611565042 635915481 815420056 847887308
4
6615 8820 11760 12528 15680 16704 22272 29696
4
34112316 44340576 45483088 59120768 266697891 355597188 544322952 725763936
4
162 216 915 936 966 1220 1248 1288
4
6588 8784 9585 12780 12780 17040 17040 22720
4
156055941 208074588 342016236 456021648 545153928 616105122 726871904 821473496
4
504 672 1215 1482 1620 1848 1976 2464
4
105 140 189 252 684 912 2640 3520
4
876 924 1168 1232 1575 1872 2100 2496
4
501 668 1110 1480 2655 2997 3540 3996
4
30534117 40712156 180740649 240987532 300964824 401286432 543545733 724727644
4
8991 11988 12609 16812 16812 22416 22416 29888
4
33 44 618 824 1362 1816 2028 2704
4
9801 13068 13068 17424 17424 23232 23517 31356
4
249 332 768 1024 1989 2295 2652 3060
4
228 304 663 884 1935 2010 2580 2680
4
404417175 442121472 539222900 589495296 672048273 708446514 896064364 944595352
4
312 416 2262 2340 2499 3016 3120 3332
4
99169344 132225792 221799021 295732028 534860283 699215517 713147044 932287356
4
3251283 4335044 68959959 91946612 109082073 145442764 695521410 927361880
4
69812589 93083452 300698820 400931760 438439500 487445433 584586000 649927244
4
207 276 1200 1335 1452 1600 1780 1936
4
195 260 822 1096 1122 1212 1496 1616
4
120 160 1620 2100 2160 2772 2800 3696
4
114 152 366 488 876 1168 1374 1832
4
1659 2212 2691 2925 2976 3588 3900 3968
4
1548 1890 1974 2064 2307 2520 2632 3076
4
6 8 561 748 1287 1716 2472 3296
4
81866373 82143606 109155164 109524808 446890989 595854652 626581458 835441944
4
954 1272 2100 2331 2436 2800 3108 3248
4
1227 1512 1623 1636 1692 2016 2164 2256
4
582 776 2577 2616 2976 3436 3488 3968
4
5832 7776 7776 10368 10368 13824 26244 34992
4
837 1116 22113 29484 29484 39312 39312 52416
4
294 392 981 1014 1308 1352 1929 2572
4
513 684 912 1216 14121 18828 25104 33472
4
5859 7812 10416 13888 26757 35676 47568 63424
4
486 648 864 1152 22410 29880 39840 53120
2
3 4 750000000 1000000000
4
50424390 67232520 360552654 480736872 492200478 656267304 671419596 895226128
4
1101 1468 1791 2319 2388 2829 3092 3772
4
408 456 544 608 648 864 1617 2156
4
375 417 500 556 630 840 2799 3732
4
930 1095 1240 1460 1740 1749 2320 2332
4
462 616 2226 2334 2475 2968 3112 3300
4
334264014 443248530 445685352 537289329 590998040 716385772 727157712 969543616
4
1704 2139 2272 2484 2852 2880 3312 3840
4
639 852 1662 2216 2322 2670 3096 3560
4
27 36 159 212 438 584 2997 3996
4
96 128 1704 1746 2272 2328 2838 3784
4
1305 1503 1740 1905 2004 2540 2748 3664
4
8208 10944 10944 12069 14592 14592 16092 19456
4
189 252 276 368 1344 1792 2298 3064
4
1602 1629 2064 2136 2172 2274 2752 3032
4
780 855 1040 1140 1413 1749 1884 2332
4
27 36 2214 2457 2676 2952 3276 3568
4
462 616 702 936 963 1284 2367 3156
4
18711 24489 24948 24948 32652 33264 33264 44352
4
8424 11232 14976 18927 19968 25236 33648 44864
4
459 612 1389 1852 2139 2781 2852 3708
4
203213985 270951980 414901443 478742919 547652268 553201924 638323892 730203024
4
267362964 304586025 314968023 356483952 406114700 419957364 721710690 962280920
4
100978620 134638160 246538752 328718336 394669818 526226424 688527867 918037156
4
369 492 1563 2025 2084 2196 2700 2928
4
1749 2010 2046 2112 2332 2680 2728 2816
4
595988004 624884043 680493078 723685035 794650672 833178724 907324104 964913380
4
6633282 8844376 226390272 301853696 559153905 565973625 745538540 754631500
4
963 1128 1284 1504 1527 1911 2036 2548
4
135 180 1230 1640 1911 2548 2817 3756
4
13041 17388 22329 29772 29772 39696 39696 52928
4
993 1324 1602 2136 2325 2412 3100 3216
1
3 4
4
489 652 807 996 1076 1328 2952 3936
4
258 344 396 528 1623 2164 2679 3572
4
705 714 804 940 952 1072 2586 3448
4
126990627 169320836 184226283 245635044 267878388 357171184 683881167 911841556
4
6939 9252 12336 16448 26595 35460 47280 63040
4
1059 1412 1467 1956 2820 2949 3760 3932
1
750000000 1000000000
4
417 429 556 572 951 1268 1320 1760
4
942 1256 2220 2460 2514 2960 3280 3352
4
16227 21636 25272 33696 33696 44928 44928 59904
4
7749 10332 13776 14715 18368 19620 26160 34880
4
927 1236 1767 2356 2469 2535 3292 3380
4
3240 4320 4455 5760 5940 7680 7920 10560
4
260620977 347494636 461885838 615847784 644046282 723393255 858728376 964524340
