100
1 1 4
1 2 2
50 50 2
48 42 15
42 41 15
3 41 14
3 4 3
46 4 3
50 41 15
49 42 15
42 47 1
3 44 2
1 1 1
48 48 15
40 45 15
40 48 15
47 42 15
49 43 15
41 3 13
42 50 2
47 47 15
2 1 1
2 1 15
47 45 12
45 40 15
49 42 1
46 47 15
40 44 15
47 40 15
45 5 12
50 47 15
48 46 15
45 47 15
49 50 15
46 46 15
44 5 2
3 4 12
47 48 15
42 46 15
49 48 15
3 47 3
1 2 1
46 50 14
50 50 15
50 50 14
45 43 15
1 1 15
49 47 15
48 41 15
47 5 3
43 46 15
45 46 15
40 42 15
41 41 15
3 4 13
46 4 12
48 43 15
44 42 15
40 44 13
4 41 13
48 40 15
45 42 15
50 40 15
50 46 15
1 2 15
44 46 15
44 44 15
4 5 14
46 44 15
43 42 15
41 49 15
45 46 2
48 41 1
40 49 15
50 50 1
40 43 1
50 44 15
47 45 15
48 44 15
5 4 2
5 46 2
43 49 15
41 45 15
3 48 13
43 44 15
41 50 1
2 2 15
45 46 3
41 42 15
43 48 15
46 40 15
43 45 15
44 50 15
5 5 2
42 42 15
41 50 15
2 2 1
45 50 15
45 44 15
47 50 15
